{
 "cells": [
  {
   "cell_type": "code",
   "execution_count": 1,
   "metadata": {},
   "outputs": [],
   "source": [
    "import numpy as np\n",
    "import matplotlib.pyplot as plt\n",
    "import random\n",
    "import pandas as pd\n",
    "import seaborn as sns\n",
    "from sklearn.preprocessing import LabelEncoder\n",
    "le = LabelEncoder()"
   ]
  },
  {
   "cell_type": "code",
   "execution_count": 2,
   "metadata": {},
   "outputs": [],
   "source": [
    "df = pd.read_csv('iris.csv')\n"
   ]
  },
  {
   "cell_type": "code",
   "execution_count": 4,
   "metadata": {},
   "outputs": [],
   "source": [
    "df['Species'] = le.fit_transform(df['Species'])"
   ]
  },
  {
   "cell_type": "code",
   "execution_count": 5,
   "metadata": {},
   "outputs": [
    {
     "output_type": "execute_result",
     "data": {
      "text/plain": [
       "   Id  SepalLengthCm  SepalWidthCm  PetalLengthCm  PetalWidthCm  Species\n",
       "0   1            5.1           3.5            1.4           0.2        0\n",
       "1   2            4.9           3.0            1.4           0.2        0\n",
       "2   3            4.7           3.2            1.3           0.2        0\n",
       "3   4            4.6           3.1            1.5           0.2        0\n",
       "4   5            5.0           3.6            1.4           0.2        0"
      ],
      "text/html": "<div>\n<style scoped>\n    .dataframe tbody tr th:only-of-type {\n        vertical-align: middle;\n    }\n\n    .dataframe tbody tr th {\n        vertical-align: top;\n    }\n\n    .dataframe thead th {\n        text-align: right;\n    }\n</style>\n<table border=\"1\" class=\"dataframe\">\n  <thead>\n    <tr style=\"text-align: right;\">\n      <th></th>\n      <th>Id</th>\n      <th>SepalLengthCm</th>\n      <th>SepalWidthCm</th>\n      <th>PetalLengthCm</th>\n      <th>PetalWidthCm</th>\n      <th>Species</th>\n    </tr>\n  </thead>\n  <tbody>\n    <tr>\n      <th>0</th>\n      <td>1</td>\n      <td>5.1</td>\n      <td>3.5</td>\n      <td>1.4</td>\n      <td>0.2</td>\n      <td>0</td>\n    </tr>\n    <tr>\n      <th>1</th>\n      <td>2</td>\n      <td>4.9</td>\n      <td>3.0</td>\n      <td>1.4</td>\n      <td>0.2</td>\n      <td>0</td>\n    </tr>\n    <tr>\n      <th>2</th>\n      <td>3</td>\n      <td>4.7</td>\n      <td>3.2</td>\n      <td>1.3</td>\n      <td>0.2</td>\n      <td>0</td>\n    </tr>\n    <tr>\n      <th>3</th>\n      <td>4</td>\n      <td>4.6</td>\n      <td>3.1</td>\n      <td>1.5</td>\n      <td>0.2</td>\n      <td>0</td>\n    </tr>\n    <tr>\n      <th>4</th>\n      <td>5</td>\n      <td>5.0</td>\n      <td>3.6</td>\n      <td>1.4</td>\n      <td>0.2</td>\n      <td>0</td>\n    </tr>\n  </tbody>\n</table>\n</div>"
     },
     "metadata": {},
     "execution_count": 5
    }
   ],
   "source": [
    "df.head()"
   ]
  },
  {
   "cell_type": "code",
   "execution_count": 6,
   "metadata": {},
   "outputs": [],
   "source": [
    "data = df.values[:,:4]"
   ]
  },
  {
   "cell_type": "code",
   "execution_count": 7,
   "metadata": {},
   "outputs": [
    {
     "output_type": "execute_result",
     "data": {
      "text/plain": [
       "array([[  1. ,   5.1,   3.5,   1.4],\n",
       "       [  2. ,   4.9,   3. ,   1.4],\n",
       "       [  3. ,   4.7,   3.2,   1.3],\n",
       "       [  4. ,   4.6,   3.1,   1.5],\n",
       "       [  5. ,   5. ,   3.6,   1.4],\n",
       "       [  6. ,   5.4,   3.9,   1.7],\n",
       "       [  7. ,   4.6,   3.4,   1.4],\n",
       "       [  8. ,   5. ,   3.4,   1.5],\n",
       "       [  9. ,   4.4,   2.9,   1.4],\n",
       "       [ 10. ,   4.9,   3.1,   1.5],\n",
       "       [ 11. ,   5.4,   3.7,   1.5],\n",
       "       [ 12. ,   4.8,   3.4,   1.6],\n",
       "       [ 13. ,   4.8,   3. ,   1.4],\n",
       "       [ 14. ,   4.3,   3. ,   1.1],\n",
       "       [ 15. ,   5.8,   4. ,   1.2],\n",
       "       [ 16. ,   5.7,   4.4,   1.5],\n",
       "       [ 17. ,   5.4,   3.9,   1.3],\n",
       "       [ 18. ,   5.1,   3.5,   1.4],\n",
       "       [ 19. ,   5.7,   3.8,   1.7],\n",
       "       [ 20. ,   5.1,   3.8,   1.5],\n",
       "       [ 21. ,   5.4,   3.4,   1.7],\n",
       "       [ 22. ,   5.1,   3.7,   1.5],\n",
       "       [ 23. ,   4.6,   3.6,   1. ],\n",
       "       [ 24. ,   5.1,   3.3,   1.7],\n",
       "       [ 25. ,   4.8,   3.4,   1.9],\n",
       "       [ 26. ,   5. ,   3. ,   1.6],\n",
       "       [ 27. ,   5. ,   3.4,   1.6],\n",
       "       [ 28. ,   5.2,   3.5,   1.5],\n",
       "       [ 29. ,   5.2,   3.4,   1.4],\n",
       "       [ 30. ,   4.7,   3.2,   1.6],\n",
       "       [ 31. ,   4.8,   3.1,   1.6],\n",
       "       [ 32. ,   5.4,   3.4,   1.5],\n",
       "       [ 33. ,   5.2,   4.1,   1.5],\n",
       "       [ 34. ,   5.5,   4.2,   1.4],\n",
       "       [ 35. ,   4.9,   3.1,   1.5],\n",
       "       [ 36. ,   5. ,   3.2,   1.2],\n",
       "       [ 37. ,   5.5,   3.5,   1.3],\n",
       "       [ 38. ,   4.9,   3.1,   1.5],\n",
       "       [ 39. ,   4.4,   3. ,   1.3],\n",
       "       [ 40. ,   5.1,   3.4,   1.5],\n",
       "       [ 41. ,   5. ,   3.5,   1.3],\n",
       "       [ 42. ,   4.5,   2.3,   1.3],\n",
       "       [ 43. ,   4.4,   3.2,   1.3],\n",
       "       [ 44. ,   5. ,   3.5,   1.6],\n",
       "       [ 45. ,   5.1,   3.8,   1.9],\n",
       "       [ 46. ,   4.8,   3. ,   1.4],\n",
       "       [ 47. ,   5.1,   3.8,   1.6],\n",
       "       [ 48. ,   4.6,   3.2,   1.4],\n",
       "       [ 49. ,   5.3,   3.7,   1.5],\n",
       "       [ 50. ,   5. ,   3.3,   1.4],\n",
       "       [ 51. ,   7. ,   3.2,   4.7],\n",
       "       [ 52. ,   6.4,   3.2,   4.5],\n",
       "       [ 53. ,   6.9,   3.1,   4.9],\n",
       "       [ 54. ,   5.5,   2.3,   4. ],\n",
       "       [ 55. ,   6.5,   2.8,   4.6],\n",
       "       [ 56. ,   5.7,   2.8,   4.5],\n",
       "       [ 57. ,   6.3,   3.3,   4.7],\n",
       "       [ 58. ,   4.9,   2.4,   3.3],\n",
       "       [ 59. ,   6.6,   2.9,   4.6],\n",
       "       [ 60. ,   5.2,   2.7,   3.9],\n",
       "       [ 61. ,   5. ,   2. ,   3.5],\n",
       "       [ 62. ,   5.9,   3. ,   4.2],\n",
       "       [ 63. ,   6. ,   2.2,   4. ],\n",
       "       [ 64. ,   6.1,   2.9,   4.7],\n",
       "       [ 65. ,   5.6,   2.9,   3.6],\n",
       "       [ 66. ,   6.7,   3.1,   4.4],\n",
       "       [ 67. ,   5.6,   3. ,   4.5],\n",
       "       [ 68. ,   5.8,   2.7,   4.1],\n",
       "       [ 69. ,   6.2,   2.2,   4.5],\n",
       "       [ 70. ,   5.6,   2.5,   3.9],\n",
       "       [ 71. ,   5.9,   3.2,   4.8],\n",
       "       [ 72. ,   6.1,   2.8,   4. ],\n",
       "       [ 73. ,   6.3,   2.5,   4.9],\n",
       "       [ 74. ,   6.1,   2.8,   4.7],\n",
       "       [ 75. ,   6.4,   2.9,   4.3],\n",
       "       [ 76. ,   6.6,   3. ,   4.4],\n",
       "       [ 77. ,   6.8,   2.8,   4.8],\n",
       "       [ 78. ,   6.7,   3. ,   5. ],\n",
       "       [ 79. ,   6. ,   2.9,   4.5],\n",
       "       [ 80. ,   5.7,   2.6,   3.5],\n",
       "       [ 81. ,   5.5,   2.4,   3.8],\n",
       "       [ 82. ,   5.5,   2.4,   3.7],\n",
       "       [ 83. ,   5.8,   2.7,   3.9],\n",
       "       [ 84. ,   6. ,   2.7,   5.1],\n",
       "       [ 85. ,   5.4,   3. ,   4.5],\n",
       "       [ 86. ,   6. ,   3.4,   4.5],\n",
       "       [ 87. ,   6.7,   3.1,   4.7],\n",
       "       [ 88. ,   6.3,   2.3,   4.4],\n",
       "       [ 89. ,   5.6,   3. ,   4.1],\n",
       "       [ 90. ,   5.5,   2.5,   4. ],\n",
       "       [ 91. ,   5.5,   2.6,   4.4],\n",
       "       [ 92. ,   6.1,   3. ,   4.6],\n",
       "       [ 93. ,   5.8,   2.6,   4. ],\n",
       "       [ 94. ,   5. ,   2.3,   3.3],\n",
       "       [ 95. ,   5.6,   2.7,   4.2],\n",
       "       [ 96. ,   5.7,   3. ,   4.2],\n",
       "       [ 97. ,   5.7,   2.9,   4.2],\n",
       "       [ 98. ,   6.2,   2.9,   4.3],\n",
       "       [ 99. ,   5.1,   2.5,   3. ],\n",
       "       [100. ,   5.7,   2.8,   4.1],\n",
       "       [101. ,   6.3,   3.3,   6. ],\n",
       "       [102. ,   5.8,   2.7,   5.1],\n",
       "       [103. ,   7.1,   3. ,   5.9],\n",
       "       [104. ,   6.3,   2.9,   5.6],\n",
       "       [105. ,   6.5,   3. ,   5.8],\n",
       "       [106. ,   7.6,   3. ,   6.6],\n",
       "       [107. ,   4.9,   2.5,   4.5],\n",
       "       [108. ,   7.3,   2.9,   6.3],\n",
       "       [109. ,   6.7,   2.5,   5.8],\n",
       "       [110. ,   7.2,   3.6,   6.1],\n",
       "       [111. ,   6.5,   3.2,   5.1],\n",
       "       [112. ,   6.4,   2.7,   5.3],\n",
       "       [113. ,   6.8,   3. ,   5.5],\n",
       "       [114. ,   5.7,   2.5,   5. ],\n",
       "       [115. ,   5.8,   2.8,   5.1],\n",
       "       [116. ,   6.4,   3.2,   5.3],\n",
       "       [117. ,   6.5,   3. ,   5.5],\n",
       "       [118. ,   7.7,   3.8,   6.7],\n",
       "       [119. ,   7.7,   2.6,   6.9],\n",
       "       [120. ,   6. ,   2.2,   5. ],\n",
       "       [121. ,   6.9,   3.2,   5.7],\n",
       "       [122. ,   5.6,   2.8,   4.9],\n",
       "       [123. ,   7.7,   2.8,   6.7],\n",
       "       [124. ,   6.3,   2.7,   4.9],\n",
       "       [125. ,   6.7,   3.3,   5.7],\n",
       "       [126. ,   7.2,   3.2,   6. ],\n",
       "       [127. ,   6.2,   2.8,   4.8],\n",
       "       [128. ,   6.1,   3. ,   4.9],\n",
       "       [129. ,   6.4,   2.8,   5.6],\n",
       "       [130. ,   7.2,   3. ,   5.8],\n",
       "       [131. ,   7.4,   2.8,   6.1],\n",
       "       [132. ,   7.9,   3.8,   6.4],\n",
       "       [133. ,   6.4,   2.8,   5.6],\n",
       "       [134. ,   6.3,   2.8,   5.1],\n",
       "       [135. ,   6.1,   2.6,   5.6],\n",
       "       [136. ,   7.7,   3. ,   6.1],\n",
       "       [137. ,   6.3,   3.4,   5.6],\n",
       "       [138. ,   6.4,   3.1,   5.5],\n",
       "       [139. ,   6. ,   3. ,   4.8],\n",
       "       [140. ,   6.9,   3.1,   5.4],\n",
       "       [141. ,   6.7,   3.1,   5.6],\n",
       "       [142. ,   6.9,   3.1,   5.1],\n",
       "       [143. ,   5.8,   2.7,   5.1],\n",
       "       [144. ,   6.8,   3.2,   5.9],\n",
       "       [145. ,   6.7,   3.3,   5.7],\n",
       "       [146. ,   6.7,   3. ,   5.2],\n",
       "       [147. ,   6.3,   2.5,   5. ],\n",
       "       [148. ,   6.5,   3. ,   5.2],\n",
       "       [149. ,   6.2,   3.4,   5.4],\n",
       "       [150. ,   5.9,   3. ,   5.1]])"
      ]
     },
     "metadata": {},
     "execution_count": 7
    }
   ],
   "source": [
    "data"
   ]
  },
  {
   "cell_type": "code",
   "execution_count": 26,
   "metadata": {},
   "outputs": [],
   "source": [
    "n = 150\n",
    "p= 2\n",
    "clusters = []\n",
    "c1 = random.choice(data)\n",
    "clusters.append(c1)"
   ]
  },
  {
   "cell_type": "code",
   "execution_count": 27,
   "metadata": {},
   "outputs": [
    {
     "output_type": "execute_result",
     "data": {
      "text/plain": [
       "[array([125. ,   6.7,   3.3,   5.7]), array([1. , 5.1, 3.5, 1.4])]"
      ]
     },
     "metadata": {},
     "execution_count": 27
    }
   ],
   "source": [
    "maxim = 0                                      #finding c2 with a max dist from c1\n",
    "c2 = []\n",
    "for x in data:\n",
    "    dist = np.linalg.norm(x - c1)\n",
    "    if maxim <= dist:\n",
    "        maxim = dist\n",
    "        c2 = x\n",
    "clusters.append(c2)\n",
    "clusters"
   ]
  },
  {
   "cell_type": "code",
   "execution_count": 28,
   "metadata": {},
   "outputs": [
    {
     "output_type": "execute_result",
     "data": {
      "text/plain": [
       "[array([125. ,   6.7,   3.3,   5.7]),\n",
       " array([1. , 5.1, 3.5, 1.4]),\n",
       " array([63. ,  6. ,  2.2,  4. ])]"
      ]
     },
     "metadata": {},
     "execution_count": 28
    }
   ],
   "source": [
    "t = 0\n",
    "while t == 0:\n",
    "    centdist = [] #array that stores distance between any two clusters\n",
    "    for i in range(len(clusters)):\n",
    "        for j in range(i+1, len(clusters)):\n",
    "            centdist.append(np.linalg.norm(clusters[i] - clusters[j])) # NC2 - store\n",
    "            \n",
    "    newc = np.zeros((1, 4)) #newcluster array \n",
    "    maxstep =0 #Maximum of the min distances (between the data value and cluster center)\n",
    "    \n",
    "    for x in data:\n",
    "        present = 0 #to count that data isn't cluster center itself\n",
    "        for i in range(len(clusters)):\n",
    "            if np.linalg.norm(x - clusters[i]) != 0:  #checking if data element is not equal to cluster center\n",
    "                present += 1 \n",
    "                \n",
    "        if present == len(clusters): #if element is cluster center then this loop won't run\n",
    "            minstep = 10000000\n",
    "            for i in clusters:\n",
    "                if minstep > np.linalg.norm(x - i):\n",
    "                    minstep = np.linalg.norm(x - i)\n",
    "                    \n",
    "            if maxstep < minstep:\n",
    "                maxstep = minstep #maximum distance of all the minimum distances\n",
    "                newc = x #new cluster initialized\n",
    "                \n",
    "    count =0   #count to see if we have found a new cluster             \n",
    "    for i in range(len(centdist)):\n",
    "        if round(maxstep/centdist[i], 1) >= 0.5: #appreciable fraction found through trial and error - find out what exactly the scene is here\n",
    "            count += 1\n",
    "            #print(round(maxstep/centdist[i], 1))\n",
    "    if count == len(centdist): \n",
    "        clusters.append(newc)\n",
    "    else:\n",
    "        t= 1\n",
    "clusters"
   ]
  },
  {
   "cell_type": "code",
   "execution_count": 29,
   "metadata": {},
   "outputs": [
    {
     "output_type": "execute_result",
     "data": {
      "text/plain": [
       "array([[0.35943144, 0.02542443, 0.61514413],\n",
       "       [0.00756927, 0.57776488, 0.41466584],\n",
       "       [0.22066319, 0.63748935, 0.14184746],\n",
       "       [0.35183468, 0.32366956, 0.32449576],\n",
       "       [0.39183034, 0.24654678, 0.36162288],\n",
       "       [0.06788333, 0.24191968, 0.69019699],\n",
       "       [0.60193312, 0.25199967, 0.14606721],\n",
       "       [0.49911637, 0.10110249, 0.39978114],\n",
       "       [0.71254456, 0.0764786 , 0.21097684],\n",
       "       [0.09220555, 0.24080685, 0.6669876 ],\n",
       "       [0.07503962, 0.21436911, 0.71059128],\n",
       "       [0.88774096, 0.08275018, 0.02950886],\n",
       "       [0.20949667, 0.35052168, 0.43998165],\n",
       "       [0.13372313, 0.74778783, 0.11848904],\n",
       "       [0.08031613, 0.38996894, 0.52971493],\n",
       "       [0.24866963, 0.03832999, 0.71300038],\n",
       "       [0.35175926, 0.30650438, 0.34173635],\n",
       "       [0.74891525, 0.23824612, 0.01283863],\n",
       "       [0.86273704, 0.10010054, 0.03716242],\n",
       "       [0.05713723, 0.87486772, 0.06799506],\n",
       "       [0.49562243, 0.12765599, 0.37672159],\n",
       "       [0.0438486 , 0.56913326, 0.38701814],\n",
       "       [0.31771952, 0.30864026, 0.37364021],\n",
       "       [0.44320929, 0.10183295, 0.45495776],\n",
       "       [0.26108379, 0.58747398, 0.15144223],\n",
       "       [0.09682481, 0.22295026, 0.68022493],\n",
       "       [0.32088039, 0.09632472, 0.58279489],\n",
       "       [0.18315275, 0.80585409, 0.01099317],\n",
       "       [0.13855807, 0.58030661, 0.28113532],\n",
       "       [0.02183359, 0.70375546, 0.27441095],\n",
       "       [0.06077709, 0.44564602, 0.49357688],\n",
       "       [0.82371881, 0.05011741, 0.12616378],\n",
       "       [0.41000008, 0.23420988, 0.35579004],\n",
       "       [0.02869653, 0.46418675, 0.50711672],\n",
       "       [0.0516959 , 0.94514535, 0.00315874],\n",
       "       [0.55686237, 0.31271388, 0.13042374],\n",
       "       [0.15867746, 0.04679882, 0.79452372],\n",
       "       [0.33690875, 0.59142995, 0.0716613 ],\n",
       "       [0.34608542, 0.26721437, 0.38670021],\n",
       "       [0.01141982, 0.75506637, 0.23351381],\n",
       "       [0.14005245, 0.30893338, 0.55101416],\n",
       "       [0.67847708, 0.09679847, 0.22472445],\n",
       "       [0.54846259, 0.25082873, 0.20070869],\n",
       "       [0.54246483, 0.30656785, 0.15096732],\n",
       "       [0.31994725, 0.1526967 , 0.52735605],\n",
       "       [0.0139714 , 0.44701917, 0.53900943],\n",
       "       [0.22697285, 0.58520273, 0.18782442],\n",
       "       [0.72443055, 0.09463366, 0.18093579],\n",
       "       [0.12368885, 0.43954735, 0.43676379],\n",
       "       [0.31473311, 0.26051399, 0.42475289],\n",
       "       [0.40231644, 0.3477089 , 0.24997466],\n",
       "       [0.33167116, 0.59852088, 0.06980795],\n",
       "       [0.37535339, 0.16877595, 0.45587066],\n",
       "       [0.02931029, 0.50024678, 0.47044293],\n",
       "       [0.40860559, 0.42175202, 0.1696424 ],\n",
       "       [0.2581996 , 0.6314584 , 0.110342  ],\n",
       "       [0.37416637, 0.34606869, 0.27976494],\n",
       "       [0.59494744, 0.2112459 , 0.19380666],\n",
       "       [0.72870577, 0.27012883, 0.00116539],\n",
       "       [0.10126584, 0.76325338, 0.13548078],\n",
       "       [0.61988009, 0.08381921, 0.2963007 ],\n",
       "       [0.17391471, 0.53960694, 0.28647835],\n",
       "       [0.2560275 , 0.21095926, 0.53301325],\n",
       "       [0.03331686, 0.64748154, 0.3192016 ],\n",
       "       [0.36045362, 0.18495358, 0.4545928 ],\n",
       "       [0.54126347, 0.33072585, 0.12801068],\n",
       "       [0.53818277, 0.03857392, 0.42324331],\n",
       "       [0.24236739, 0.51054096, 0.24709165],\n",
       "       [0.26395621, 0.43610554, 0.29993825],\n",
       "       [0.10982308, 0.51556957, 0.37460735],\n",
       "       [0.00395187, 0.47679702, 0.51925112],\n",
       "       [0.35770255, 0.30572658, 0.33657087],\n",
       "       [0.04086842, 0.23550495, 0.72362663],\n",
       "       [0.16074435, 0.46751377, 0.37174188],\n",
       "       [0.64154806, 0.18119366, 0.17725828],\n",
       "       [0.40357019, 0.37076077, 0.22566904],\n",
       "       [0.42501268, 0.06693465, 0.50805268],\n",
       "       [0.00409985, 0.95520277, 0.04069737],\n",
       "       [0.04487942, 0.49377335, 0.46134724],\n",
       "       [0.12954742, 0.59987362, 0.27057895],\n",
       "       [0.0882622 , 0.81024907, 0.10148873],\n",
       "       [0.18410223, 0.44293542, 0.37296235],\n",
       "       [0.01011861, 0.17835699, 0.8115244 ],\n",
       "       [0.32636618, 0.3290995 , 0.34453432],\n",
       "       [0.26058209, 0.6754637 , 0.06395422],\n",
       "       [0.39057317, 0.37224436, 0.23718247],\n",
       "       [0.09584624, 0.53838615, 0.36576761],\n",
       "       [0.21037596, 0.58612337, 0.20350068],\n",
       "       [0.61122191, 0.33608479, 0.0526933 ],\n",
       "       [0.14395029, 0.12355665, 0.73249306],\n",
       "       [0.09455797, 0.14540686, 0.76003517],\n",
       "       [0.1599697 , 0.82409722, 0.01593307],\n",
       "       [0.29517872, 0.54602936, 0.15879192],\n",
       "       [0.23553205, 0.2207098 , 0.54375815],\n",
       "       [0.07577697, 0.68533261, 0.23889042],\n",
       "       [0.43041554, 0.37679378, 0.19279068],\n",
       "       [0.56840695, 0.13437352, 0.29721953],\n",
       "       [0.8506278 , 0.08314446, 0.06622774],\n",
       "       [0.19262789, 0.4164561 , 0.39091601],\n",
       "       [0.06938148, 0.14089649, 0.78972203],\n",
       "       [0.52931885, 0.43107183, 0.03960932],\n",
       "       [0.41737106, 0.16969526, 0.41293368],\n",
       "       [0.1330404 , 0.54581651, 0.32114309],\n",
       "       [0.32867054, 0.38673312, 0.28459634],\n",
       "       [0.20537262, 0.06085176, 0.73377562],\n",
       "       [0.63506169, 0.28729652, 0.07764179],\n",
       "       [0.05503818, 0.31442885, 0.63053298],\n",
       "       [0.43703687, 0.20002902, 0.36293411],\n",
       "       [0.1501328 , 0.11372952, 0.73613768],\n",
       "       [0.05745167, 0.74319293, 0.1993554 ],\n",
       "       [0.42612423, 0.40244599, 0.17142979],\n",
       "       [0.33680327, 0.18560863, 0.4775881 ],\n",
       "       [0.45847179, 0.12356198, 0.41796622],\n",
       "       [0.43953139, 0.49977903, 0.06068957],\n",
       "       [0.18978311, 0.15588662, 0.65433026],\n",
       "       [0.79653641, 0.0479179 , 0.15554569],\n",
       "       [0.6654081 , 0.12082946, 0.21376245],\n",
       "       [0.75078061, 0.12774813, 0.12147127],\n",
       "       [0.12203051, 0.31056656, 0.56740293],\n",
       "       [0.31305272, 0.22232723, 0.46462005],\n",
       "       [0.62608653, 0.21577237, 0.1581411 ],\n",
       "       [0.54977857, 0.39830129, 0.05192013],\n",
       "       [0.36878975, 0.51071536, 0.12049489],\n",
       "       [0.13784089, 0.09153799, 0.77062113],\n",
       "       [0.33565296, 0.12716539, 0.53718166],\n",
       "       [0.36938936, 0.12000321, 0.51060743],\n",
       "       [0.54469972, 0.29403389, 0.16126638],\n",
       "       [0.58336912, 0.10382766, 0.31280321],\n",
       "       [0.42343728, 0.4024375 , 0.17412523],\n",
       "       [0.7431934 , 0.09715504, 0.15965157],\n",
       "       [0.59553413, 0.0215374 , 0.38292847],\n",
       "       [0.29786162, 0.61540049, 0.08673789],\n",
       "       [0.66439806, 0.24620082, 0.08940112],\n",
       "       [0.05298153, 0.29680857, 0.65020989],\n",
       "       [0.8494048 , 0.14802926, 0.00256594],\n",
       "       [0.21579046, 0.3313201 , 0.45288943],\n",
       "       [0.48798329, 0.24206398, 0.26995273],\n",
       "       [0.07266562, 0.37445423, 0.55288015],\n",
       "       [0.28353731, 0.51860378, 0.19785891],\n",
       "       [0.51041007, 0.10059248, 0.38899745],\n",
       "       [0.3490063 , 0.09885489, 0.55213881],\n",
       "       [0.31067287, 0.07245536, 0.61687177],\n",
       "       [0.05724477, 0.88269077, 0.06006445],\n",
       "       [0.39724006, 0.32037762, 0.28238231],\n",
       "       [0.09586921, 0.15222968, 0.75190111],\n",
       "       [0.4747623 , 0.36282538, 0.16241233],\n",
       "       [0.84706843, 0.08838101, 0.06455056],\n",
       "       [0.47943603, 0.435828  , 0.08473597],\n",
       "       [0.55754628, 0.1478392 , 0.29461451],\n",
       "       [0.20322164, 0.32367516, 0.4731032 ]])"
      ]
     },
     "metadata": {},
     "execution_count": 29
    }
   ],
   "source": [
    "weight = np.random.dirichlet(np.ones(len(clusters)), size = len(data))             #assigning random weights\n",
    "weight"
   ]
  },
  {
   "cell_type": "code",
   "execution_count": 30,
   "metadata": {},
   "outputs": [],
   "source": [
    "val = 100\n",
    "error = np.zeros((n,len(clusters)))\n",
    "numclusters = len(clusters)"
   ]
  },
  {
   "cell_type": "code",
   "execution_count": 44,
   "metadata": {},
   "outputs": [],
   "source": [
    "for z in range(100):\n",
    "\n",
    "    wp = np.multiply(weight, weight)        #with p= 2, power of weight is raised to 2\n",
    "    sumw = np.sum(wp, axis =0)     #calculating sum of squares of weights of same clusters\n",
    "    \n",
    "      \n",
    "    centroid = np.transpose(np.divide((np.dot(np.transpose(data), wp)), sumw))       #calculating the centroid by transposing data matrix and multiplying\n",
    "                                                                       #it with the wp matrix, transposing it again to get the accurate centroid amtrix\n",
    "    distances = np.zeros((n,numclusters))       #initalising the matrix clusters\n",
    "    \n",
    "    for i in range(numclusters):                 #finding the eucledian disance between xj and cj\n",
    "        distances[:,i] = np.linalg.norm(data - centroid[i], axis = 1)\n",
    "    \n",
    "    distsum = np.zeros((n,numclusters))\n",
    "\n",
    "    wt = np.zeros((n,numclusters))\n",
    "    for i in range(len(distances)):\n",
    "        distsum[i] = 1/distances[i]\n",
    "\n",
    "    invsum = np.sum(distsum, axis = 1)    \n",
    "    for i in range(len(distances)):\n",
    "        for j in range(0, 3):\n",
    "            wt[i][j] = (float(1/distances[i][j]))/(float(invsum[i]))\n",
    "\n",
    "    error = np.absolute(wt - weight)\n",
    "    weight = np.array(wt)\n",
    "#val = np.sum(np.sum(error, axis = 1), axis = 0)"
   ]
  },
  {
   "cell_type": "code",
   "execution_count": 45,
   "metadata": {},
   "outputs": [
    {
     "output_type": "stream",
     "name": "stdout",
     "text": [
      "0.0\n"
     ]
    }
   ],
   "source": [
    "    #print(val)\n",
    "m = np.sum(error, axis = 1)\n",
    "print(float(np.sum(m)))"
   ]
  },
  {
   "cell_type": "code",
   "execution_count": 46,
   "metadata": {},
   "outputs": [],
   "source": [
    "category = np.zeros(n)\n",
    "for i in range(len(weight)):\n",
    "    maxim = max(weight[i])\n",
    "\n",
    "    if weight[i][0] == maxim:\n",
    "        category[i] = 0\n",
    "\n",
    "    elif weight[i][1] == maxim:\n",
    "        category[i] = 1\n",
    "\n",
    "    elif weight[i][2] == maxim:\n",
    "        category[i] = 2"
   ]
  },
  {
   "cell_type": "code",
   "execution_count": 34,
   "metadata": {},
   "outputs": [
    {
     "output_type": "stream",
     "name": "stdout",
     "text": [
      "[1. 1. 1. 1. 1. 1. 1. 1. 1. 1. 1. 1. 1. 1. 1. 1. 1. 1. 1. 1. 1. 1. 1. 1.\n 1. 1. 1. 1. 1. 1. 1. 1. 1. 1. 1. 1. 1. 1. 1. 1. 1. 1. 1. 1. 1. 1. 1. 1.\n 1. 1. 1. 1. 2. 2. 2. 2. 2. 2. 2. 2. 2. 2. 2. 2. 2. 2. 2. 2. 2. 2. 2. 2.\n 2. 2. 2. 2. 2. 2. 2. 2. 2. 2. 2. 2. 2. 2. 2. 2. 2. 2. 2. 2. 2. 2. 2. 2.\n 2. 2. 0. 0. 0. 0. 0. 0. 0. 0. 0. 0. 0. 0. 0. 0. 0. 0. 0. 0. 0. 0. 0. 0.\n 0. 0. 0. 0. 0. 0. 0. 0. 0. 0. 0. 0. 0. 0. 0. 0. 0. 0. 0. 0. 0. 0. 0. 0.\n 0. 0. 0. 0. 0. 0.]\n"
     ]
    }
   ],
   "source": [
    "print(category)"
   ]
  },
  {
   "cell_type": "code",
   "execution_count": 51,
   "metadata": {},
   "outputs": [
    {
     "output_type": "display_data",
     "data": {
      "text/plain": "<Figure size 432x288 with 1 Axes>",
